1 ; 0.001 ; 0 ; 9.512 ; 22.66 ; 0.001
2 ; 0 ; 0 ; 9.512 ; 22.66 ; 0
3 ; 0 ; 0 ; 9.512 ; 22.66 ; 0
4 ; 0.002 ; 0.001 ; 9.613 ; 22.77 ; 0.003
5 ; 0.001 ; 0.001 ; 9.668 ; 22.82 ; 0.002
6 ; 0.002 ; 0.001 ; 9.641 ; 22.9 ; 0.003
7 ; 0.001 ; 0.002 ; 9.641 ; 23.07 ; 0.003
8 ; 0.001 ; 0.004 ; 9.797 ; 23.2 ; 0.005
9 ; 0 ; 0.01 ; 9.789 ; 23.52 ; 0.01
10 ; 0 ; 0.019 ; 9.781 ; 23.55 ; 0.019
11 ; 0.001 ; 0.045 ; 9.777 ; 23.62 ; 0.046
12 ; 0.001 ; 0.093 ; 9.77 ; 23.71 ; 0.094
13 ; 0.001 ; 0.194 ; 9.949 ; 23.88 ; 0.195
14 ; 0.003 ; 0.416 ; 9.949 ; 23.97 ; 0.419
15 ; 0.002 ; 0.865 ; 10.07 ; 24.21 ; 0.867
16 ; 0.003 ; 1.801 ; 10.09 ; 24.34 ; 1.804
17 ; 0.003 ; 4.004 ; 10.09 ; 24.54 ; 4.007
18 ; 0.003 ; 7.859 ; 10.23 ; 24.62 ; 7.862
19 ; 0.005 ; 16.86 ; 10.37 ; 24.75 ; 16.87
20 ; 0.004 ; 34.59 ; 10.5 ; 25.14 ; 34.6
21 ; 0.004 ; 73.78 ; 10.58 ; 25.25 ; 73.79
22 ; 0.005 ; 153.3 ; 10.49 ; 25.31 ; 153.3
23 ; 0.006 ; 315.3 ; 10.59 ; 25.35 ; 315.3
24 ; 0.005 ; 676.8 ; 10.72 ; 25.81 ; 676.8
25 ; 0.005 ; 1409 ; 10.89 ; 25.87 ; 1409
