1 ; 0 ; 0 ; 9.512 ; 22.66 ; 0
2 ; 0.001 ; 0 ; 9.512 ; 22.66 ; 0.001
3 ; 0 ; 0 ; 9.512 ; 22.66 ; 0
4 ; 0 ; 0.001 ; 9.613 ; 22.77 ; 0.001
5 ; 0 ; 0 ; 9.668 ; 22.82 ; 0
6 ; 0.001 ; 0.002 ; 9.641 ; 22.9 ; 0.003
7 ; 0.003 ; 0.004 ; 9.641 ; 23.2 ; 0.007
8 ; 0.003 ; 0.009 ; 9.797 ; 23.2 ; 0.012
9 ; 0.001 ; 0.021 ; 9.789 ; 23.45 ; 0.022
10 ; 0 ; 0.048 ; 9.781 ; 23.66 ; 0.048
11 ; 0 ; 0.097 ; 9.777 ; 23.75 ; 0.097
12 ; 0.003 ; 0.204 ; 9.77 ; 23.95 ; 0.207
13 ; 0.002 ; 0.448 ; 9.949 ; 24.57 ; 0.45
14 ; 0.002 ; 0.89 ; 9.949 ; 24.76 ; 0.892
15 ; 0.002 ; 1.821 ; 9.953 ; 24.63 ; 1.823
16 ; 0.001 ; 3.73 ; 10.09 ; 24.8 ; 3.731
17 ; 0.001 ; 7.889 ; 10.09 ; 24.77 ; 7.89
18 ; 0.003 ; 16.24 ; 10.23 ; 24.83 ; 16.24
19 ; 0.002 ; 34.76 ; 10.37 ; 25.24 ; 34.76
20 ; 0.003 ; 73.3 ; 10.5 ; 26.66 ; 73.3
21 ; 0.005 ; 150.2 ; 10.58 ; 26.71 ; 150.3
22 ; 0.005 ; 311.3 ; 10.49 ; 26.92 ; 311.3
23 ; 0.004 ; 648.5 ; 10.59 ; 26.82 ; 648.5
24 ; 0.005 ; 1372 ; 10.72 ; 26.81 ; 1372
