9 ; 0.001 ; 0 ; 9.785 ; 22.94 ; 0.001
10 ; 0 ; 0.001 ; 9.777 ; 23.05 ; 0.001
11 ; 0 ; 0.003 ; 9.773 ; 23.31 ; 0.003
12 ; 0.001 ; 0.007 ; 9.797 ; 23.67 ; 0.008
13 ; 0.002 ; 0.018 ; 9.793 ; 23.82 ; 0.02
14 ; 0.002 ; 0.039 ; 9.914 ; 24.28 ; 0.041
15 ; 0 ; 0.091 ; 9.949 ; 24.82 ; 0.091
16 ; 0.002 ; 0.22 ; 9.926 ; 24.9 ; 0.222
17 ; 0.005 ; 0.528 ; 9.934 ; 24.92 ; 0.533
18 ; 0.003 ; 0.943 ; 10.07 ; 25.31 ; 0.946
19 ; 0.001 ; 2.42 ; 10.07 ; 25.41 ; 2.421
20 ; 0.003 ; 5.246 ; 10.21 ; 25.38 ; 5.249
21 ; 0.004 ; 11.2 ; 10.35 ; 25.59 ; 11.21
22 ; 0.003 ; 24.27 ; 10.2 ; 26.16 ; 24.27
23 ; 0.004 ; 51.59 ; 10.3 ; 26.32 ; 51.59
24 ; 0.004 ; 110.7 ; 10.49 ; 26.59 ; 110.7
25 ; 0.003 ; 242.2 ; 10.59 ; 26.62 ; 242.2
