2 ; 0 ; 0 ; 9.652 ; 22.8 ; 0
3 ; 0.002 ; 0.002 ; 9.93 ; 23.31 ; 0.004
4 ; 0.006 ; 0.006 ; 10.89 ; 24.57 ; 0.012
5 ; 0.078 ; 0.014 ; 10.98 ; 24.27 ; 0.092
6 ; 0.077 ; 0.011 ; 11 ; 24.16 ; 0.088
7 ; 0.131 ; 0.015 ; 10.89 ; 24.61 ; 0.146
8 ; 0.245 ; 0.039 ; 11.71 ; 26.46 ; 0.284
9 ; 0.898 ; 0.083 ; 14.89 ; 28.04 ; 0.981
10 ; 5.778 ; 0.055 ; 22.89 ; 36.17 ; 5.833
11 ; 44.92 ; 0.212 ; 46.95 ; 60.23 ; 45.13
12 ; 1.135 ; 0.206 ; 11.48 ; 30.31 ; 1.341
13 ; 1.185 ; 0.128 ; 11.51 ; 29.09 ; 1.313
14 ; 2.341 ; 0.721 ; 12.95 ; 33.59 ; 3.062
15 ; 2.539 ; 0.279 ; 15.65 ; 29.2 ; 2.818
16 ; 3.371 ; 0.456 ; 21.15 ; 34.56 ; 3.827
17 ; 7.221 ; 3.957 ; 40.48 ; 53.89 ; 11.18
18 ; 8.69 ; 1.737 ; 63.1 ; 76.51 ; 10.43
19 ; 21.7 ; 2.224 ; 104.3 ; 117.7 ; 23.92
20 ; 78.04 ; 6.451 ; 190.4 ; 203.9 ; 84.49
21 ; 313.6 ; 32.79 ; 362.5 ; 376.2 ; 346.3
22 ; 1230 ; 14.24 ; 675 ; 688.7 ; 1244
