1 ; 0 ; 0 ; 9.512 ; 22.66 ; 0
2 ; 0 ; 0.001 ; 9.512 ; 22.66 ; 0.001
3 ; 0 ; 0 ; 9.512 ; 22.66 ; 0
4 ; 0 ; 0 ; 9.613 ; 22.77 ; 0
5 ; 0.001 ; 0.001 ; 9.633 ; 22.91 ; 0.002
6 ; 0.001 ; 0.003 ; 9.641 ; 23.02 ; 0.004
7 ; 0.002 ; 0.007 ; 9.641 ; 23.26 ; 0.009
8 ; 0 ; 0.014 ; 9.766 ; 23.42 ; 0.014
9 ; 0.003 ; 0.038 ; 9.789 ; 23.44 ; 0.041
10 ; 0.001 ; 0.09 ; 9.781 ; 23.55 ; 0.091
11 ; 0.001 ; 0.214 ; 9.777 ; 23.7 ; 0.215
12 ; 0.001 ; 0.52 ; 9.77 ; 23.95 ; 0.521
13 ; 0.001 ; 1.166 ; 9.793 ; 23.96 ; 1.167
14 ; 0.002 ; 2.599 ; 9.949 ; 24.09 ; 2.601
15 ; 0.002 ; 5.707 ; 9.953 ; 24.08 ; 5.709
16 ; 0.003 ; 12.58 ; 9.93 ; 24.3 ; 12.59
17 ; 0.003 ; 27.59 ; 9.938 ; 24.31 ; 27.59
18 ; 0.002 ; 59.6 ; 10.07 ; 24.64 ; 59.6
19 ; 0.004 ; 128.4 ; 10.07 ; 24.7 ; 128.4
20 ; 0.005 ; 278.7 ; 10.21 ; 24.77 ; 278.8
21 ; 0.003 ; 594.6 ; 10.32 ; 25.04 ; 594.6
22 ; 0.005 ; 1289 ; 10.2 ; 25.22 ; 1289
23 ; 0.002 ; 2791 ; 10.31 ; 26 ; 2791
