9 ; 0.001 ; 0 ; 9.785 ; 22.94 ; 0.001
10 ; 0.002 ; 0.001 ; 9.777 ; 23.05 ; 0.003
11 ; 0.001 ; 0.003 ; 9.773 ; 23.31 ; 0.004
12 ; 0.002 ; 0.006 ; 9.797 ; 23.67 ; 0.008
13 ; 0.003 ; 0.016 ; 9.793 ; 23.82 ; 0.019
14 ; 0.002 ; 0.039 ; 9.914 ; 24.28 ; 0.041
15 ; 0.002 ; 0.091 ; 9.949 ; 24.82 ; 0.093
16 ; 0 ; 0.212 ; 9.926 ; 24.9 ; 0.212
17 ; 0.003 ; 0.493 ; 9.934 ; 24.92 ; 0.496
18 ; 0.006 ; 1.123 ; 10.07 ; 25.31 ; 1.129
19 ; 0.004 ; 2.401 ; 10.07 ; 25.41 ; 2.405
20 ; 0.004 ; 5.28 ; 10.21 ; 25.38 ; 5.284
21 ; 0.006 ; 11.15 ; 10.35 ; 25.59 ; 11.16
22 ; 0.004 ; 24.5 ; 10.2 ; 26.16 ; 24.51
23 ; 0.004 ; 52.99 ; 10.3 ; 26.32 ; 53
24 ; 0.004 ; 112.9 ; 10.49 ; 26.59 ; 112.9
25 ; 0.006 ; 237.9 ; 10.59 ; 26.62 ; 237.9
