9 ; 0.002 ; 0 ; 9.785 ; 22.94 ; 0.002
10 ; 0.001 ; 0 ; 9.777 ; 23.05 ; 0.001
11 ; 0.002 ; 0 ; 9.773 ; 23.06 ; 0.002
12 ; 0.002 ; 0.001 ; 9.797 ; 23.21 ; 0.003
13 ; 0.002 ; 0.002 ; 9.949 ; 23.37 ; 0.004
14 ; 0.004 ; 0.007 ; 9.945 ; 23.61 ; 0.011
15 ; 0.001 ; 0.017 ; 10.07 ; 24.09 ; 0.018
16 ; 0.001 ; 0.034 ; 10.08 ; 24.21 ; 0.035
17 ; 0.004 ; 0.08 ; 10.09 ; 24.71 ; 0.084
18 ; 0.003 ; 0.17 ; 10.22 ; 25.11 ; 0.173
19 ; 0.002 ; 0.351 ; 10.36 ; 25.52 ; 0.353
20 ; 0.003 ; 0.751 ; 10.5 ; 25.53 ; 0.754
21 ; 0.004 ; 1.6 ; 10.61 ; 26.64 ; 1.604
22 ; 0.004 ; 3.368 ; 10.48 ; 26.79 ; 3.372
23 ; 0.004 ; 7.093 ; 10.59 ; 26.8 ; 7.097
24 ; 0.007 ; 14.42 ; 10.74 ; 27.2 ; 14.43
25 ; 0.007 ; 29.84 ; 10.88 ; 27.23 ; 29.85
