2 ; 0.002 ; 0 ; 9.621 ; 22.77 ; 0.002
3 ; 0.001 ; 0.001 ; 9.641 ; 22.89 ; 0.002
4 ; 0.001 ; 0.001 ; 9.777 ; 23.18 ; 0.002
5 ; 0.001 ; 0.003 ; 9.773 ; 23.55 ; 0.004
6 ; 0.002 ; 0.01 ; 9.938 ; 24.26 ; 0.012
7 ; 0.002 ; 0.024 ; 10.22 ; 26.15 ; 0.026
8 ; 0.004 ; 0.086 ; 10.82 ; 32.3 ; 0.09
9 ; 0.009 ; 0.295 ; 11.81 ; 48.23 ; 0.304
10 ; 0.02 ; 1.154 ; 13.65 ; 72.21 ; 1.174
11 ; 0.041 ; 3.984 ; 17.69 ; 122.6 ; 4.025
12 ; 0.097 ; 13.15 ; 25.73 ; 306.1 ; 13.25
13 ; 0.256 ; 41.57 ; 41.63 ; 845.6 ; 41.82
