1 ; 0.002 ; 0 ; 9.512 ; 22.66 ; 0.002
2 ; 0 ; 0 ; 9.512 ; 22.66 ; 0
3 ; 0 ; 0 ; 9.512 ; 22.79 ; 0
4 ; 0 ; 0.002 ; 9.613 ; 22.89 ; 0.002
5 ; 0.001 ; 0.002 ; 9.633 ; 23.04 ; 0.003
6 ; 0 ; 0.008 ; 9.641 ; 23.25 ; 0.008
7 ; 0.001 ; 0.022 ; 9.641 ; 23.36 ; 0.023
8 ; 0 ; 0.051 ; 9.766 ; 23.42 ; 0.051
9 ; 0.002 ; 0.124 ; 9.789 ; 23.56 ; 0.126
10 ; 0.002 ; 0.283 ; 9.781 ; 23.84 ; 0.285
11 ; 0.002 ; 0.683 ; 9.777 ; 23.93 ; 0.685
12 ; 0.001 ; 1.603 ; 9.77 ; 24.34 ; 1.604
13 ; 0.001 ; 3.608 ; 9.793 ; 24.41 ; 3.609
14 ; 0.003 ; 8.068 ; 9.918 ; 24.45 ; 8.071
15 ; 0.002 ; 17.99 ; 9.953 ; 24.52 ; 17.99
16 ; 0.002 ; 38.61 ; 9.93 ; 24.68 ; 38.62
17 ; 0.002 ; 87.93 ; 9.938 ; 24.79 ; 87.93
18 ; 0.004 ; 190.6 ; 10.07 ; 25.4 ; 190.6
19 ; 0.002 ; 410.4 ; 10.07 ; 25.63 ; 410.4
20 ; 0.003 ; 867.8 ; 10.21 ; 25.68 ; 867.8
21 ; 0.003 ; 1921 ; 10.32 ; 25.83 ; 1921
