1 ; 0.001 ; 0 ; 9.512 ; 22.66 ; 0.001
2 ; 0 ; 0 ; 9.512 ; 22.66 ; 0
3 ; 0.001 ; 0 ; 9.512 ; 22.66 ; 0.001
4 ; 0 ; 0 ; 9.613 ; 22.77 ; 0
5 ; 0 ; 0 ; 9.668 ; 22.82 ; 0
6 ; 0.001 ; 0 ; 9.641 ; 22.89 ; 0.001
7 ; 0.001 ; 0.002 ; 9.641 ; 23.07 ; 0.003
8 ; 0.001 ; 0.004 ; 9.793 ; 23.2 ; 0.005
9 ; 0.001 ; 0.01 ; 9.781 ; 23.51 ; 0.011
10 ; 0 ; 0.022 ; 9.773 ; 23.55 ; 0.022
11 ; 0.002 ; 0.045 ; 9.77 ; 23.62 ; 0.047
12 ; 0.002 ; 0.093 ; 9.793 ; 23.7 ; 0.095
13 ; 0.001 ; 0.198 ; 9.945 ; 23.87 ; 0.199
14 ; 0.001 ; 0.412 ; 9.941 ; 23.94 ; 0.413
15 ; 0.002 ; 0.86 ; 10.07 ; 24.2 ; 0.862
16 ; 0.001 ; 1.8 ; 9.953 ; 24.33 ; 1.801
17 ; 0.003 ; 3.967 ; 10.09 ; 24.53 ; 3.97
18 ; 0.002 ; 7.885 ; 10.22 ; 24.6 ; 7.887
19 ; 0.003 ; 16.93 ; 10.36 ; 24.75 ; 16.93
20 ; 0.005 ; 34.64 ; 10.5 ; 25.14 ; 34.65
21 ; 0.005 ; 73.43 ; 10.51 ; 25.17 ; 73.44
22 ; 0.003 ; 149.6 ; 10.48 ; 25.32 ; 149.6
23 ; 0.004 ; 313.4 ; 10.58 ; 25.35 ; 313.4
24 ; 0.003 ; 679.5 ; 10.74 ; 25.73 ; 679.5
25 ; 0.007 ; 1403 ; 10.88 ; 25.86 ; 1403
