2 ; 0.001 ; 0 ; 9.652 ; 22.8 ; 0.001
3 ; 0.003 ; 0.001 ; 9.934 ; 23.18 ; 0.004
4 ; 0.007 ; 0.003 ; 10.89 ; 24.45 ; 0.01
5 ; 0.075 ; 0.01 ; 10.99 ; 24.14 ; 0.085
6 ; 0.075 ; 0.008 ; 11.01 ; 24.16 ; 0.083
7 ; 0.13 ; 0.012 ; 10.91 ; 24.46 ; 0.142
8 ; 0.242 ; 0.03 ; 11.79 ; 26.11 ; 0.272
9 ; 0.963 ; 0.076 ; 14.9 ; 28.05 ; 1.039
10 ; 6.022 ; 0.054 ; 23.03 ; 36.31 ; 6.076
11 ; 43.96 ; 0.183 ; 46.98 ; 60.26 ; 44.14
12 ; 1.131 ; 0.195 ; 11.51 ; 30.37 ; 1.326
13 ; 1.153 ; 0.117 ; 11.61 ; 29.08 ; 1.27
14 ; 2.348 ; 0.689 ; 12.99 ; 33.73 ; 3.037
15 ; 2.536 ; 0.277 ; 15.66 ; 29.35 ; 2.813
16 ; 3.42 ; 0.464 ; 21.2 ; 34.61 ; 3.884
17 ; 7.117 ; 3.899 ; 40.54 ; 53.95 ; 11.02
18 ; 9.084 ; 1.817 ; 63.17 ; 76.58 ; 10.9
19 ; 21.19 ; 2.286 ; 104.3 ; 117.8 ; 23.48
20 ; 79.22 ; 6.509 ; 190.4 ; 203.9 ; 85.72
21 ; 310.3 ; 31.93 ; 362.6 ; 376.3 ; 342.2
22 ; 1193 ; 14.26 ; 675.2 ; 688.9 ; 1207
