1 ; 0 ; 0 ; 9.512 ; 22.66 ; 0
2 ; 0 ; 0 ; 9.512 ; 22.66 ; 0
3 ; 0 ; 0 ; 9.512 ; 22.66 ; 0
4 ; 0.001 ; 0 ; 9.613 ; 22.77 ; 0.001
5 ; 0 ; 0.001 ; 9.633 ; 22.91 ; 0.001
6 ; 0 ; 0.002 ; 9.641 ; 23.02 ; 0.002
7 ; 0.001 ; 0.006 ; 9.641 ; 23.26 ; 0.007
8 ; 0.001 ; 0.02 ; 9.766 ; 23.42 ; 0.021
9 ; 0.001 ; 0.047 ; 9.789 ; 23.44 ; 0.048
10 ; 0 ; 0.099 ; 9.781 ; 23.55 ; 0.099
11 ; 0.003 ; 0.209 ; 9.777 ; 23.7 ; 0.212
12 ; 0.001 ; 0.424 ; 9.77 ; 23.95 ; 0.425
13 ; 0.001 ; 0.955 ; 9.793 ; 23.96 ; 0.956
14 ; 0.002 ; 2.118 ; 9.949 ; 24.09 ; 2.12
15 ; 0.001 ; 4.726 ; 9.953 ; 24.08 ; 4.727
16 ; 0.003 ; 10.37 ; 9.93 ; 24.3 ; 10.37
17 ; 0.003 ; 22.83 ; 9.938 ; 24.31 ; 22.83
18 ; 0.002 ; 48.76 ; 10.07 ; 24.64 ; 48.76
19 ; 0.003 ; 108.5 ; 10.07 ; 24.7 ; 108.5
20 ; 0.004 ; 230.3 ; 10.21 ; 24.77 ; 230.3
21 ; 0.004 ; 493.3 ; 10.32 ; 25.04 ; 493.4
22 ; 0.002 ; 1064 ; 10.2 ; 25.22 ; 1064
