1 ; 0.001 ; 0 ; 9.512 ; 22.66 ; 0.001
2 ; 0.001 ; 0 ; 9.512 ; 22.66 ; 0.001
3 ; 0.001 ; 0 ; 9.512 ; 22.66 ; 0.001
4 ; 0.001 ; 0.001 ; 9.613 ; 22.77 ; 0.002
5 ; 0.002 ; 0 ; 9.668 ; 22.82 ; 0.002
6 ; 0.001 ; 0.002 ; 9.641 ; 22.9 ; 0.003
7 ; 0 ; 0.002 ; 9.641 ; 23.07 ; 0.002
8 ; 0.001 ; 0.004 ; 9.797 ; 23.2 ; 0.005
9 ; 0.001 ; 0.011 ; 9.789 ; 23.52 ; 0.012
10 ; 0.003 ; 0.025 ; 9.781 ; 23.55 ; 0.028
11 ; 0.001 ; 0.046 ; 9.777 ; 23.62 ; 0.047
12 ; 0.002 ; 0.091 ; 9.77 ; 23.71 ; 0.093
13 ; 0.001 ; 0.194 ; 9.949 ; 23.88 ; 0.195
14 ; 0.001 ; 0.413 ; 9.949 ; 23.97 ; 0.414
15 ; 0.003 ; 0.866 ; 10.07 ; 24.21 ; 0.869
16 ; 0.003 ; 1.827 ; 10.09 ; 24.34 ; 1.83
17 ; 0.004 ; 3.769 ; 10.09 ; 24.54 ; 3.773
18 ; 0.003 ; 8.008 ; 10.23 ; 24.62 ; 8.011
19 ; 0.003 ; 16.91 ; 10.37 ; 24.75 ; 16.92
20 ; 0.005 ; 34.34 ; 10.5 ; 25.14 ; 34.35
21 ; 0.003 ; 71.35 ; 10.58 ; 25.25 ; 71.36
22 ; 0.003 ; 148.7 ; 10.49 ; 25.31 ; 148.7
23 ; 0.005 ; 311 ; 10.59 ; 25.35 ; 311
24 ; 0.006 ; 677.8 ; 10.72 ; 25.81 ; 677.9
25 ; 0.006 ; 1407 ; 10.89 ; 25.87 ; 1407
