1 ; 0 ; 0 ; 9.512 ; 22.66 ; 0
2 ; 0 ; 0 ; 9.512 ; 22.66 ; 0
3 ; 0 ; 0.001 ; 9.512 ; 22.66 ; 0.001
4 ; 0.001 ; 0 ; 9.613 ; 22.77 ; 0.001
5 ; 0.001 ; 0.001 ; 9.668 ; 22.82 ; 0.002
6 ; 0.001 ; 0.001 ; 9.641 ; 22.9 ; 0.002
7 ; 0 ; 0.003 ; 9.641 ; 23.2 ; 0.003
8 ; 0.001 ; 0.009 ; 9.797 ; 23.2 ; 0.01
9 ; 0 ; 0.023 ; 9.789 ; 23.45 ; 0.023
10 ; 0.001 ; 0.048 ; 9.781 ; 23.66 ; 0.049
11 ; 0.001 ; 0.096 ; 9.777 ; 23.75 ; 0.097
12 ; 0.003 ; 0.197 ; 9.77 ; 23.95 ; 0.2
13 ; 0.003 ; 0.411 ; 9.949 ; 24.57 ; 0.414
14 ; 0.002 ; 0.87 ; 9.949 ; 24.76 ; 0.872
15 ; 0 ; 1.822 ; 9.953 ; 24.63 ; 1.822
16 ; 0.003 ; 3.733 ; 10.09 ; 24.8 ; 3.736
17 ; 0.003 ; 7.778 ; 10.09 ; 24.77 ; 7.781
18 ; 0.003 ; 16.19 ; 10.23 ; 24.83 ; 16.2
19 ; 0.004 ; 34.56 ; 10.37 ; 25.24 ; 34.56
20 ; 0.006 ; 72.07 ; 10.5 ; 26.66 ; 72.08
21 ; 0.006 ; 149 ; 10.58 ; 26.71 ; 149
22 ; 0.003 ; 309.9 ; 10.49 ; 26.92 ; 309.9
23 ; 0.004 ; 646.2 ; 10.59 ; 26.82 ; 646.2
24 ; 0.005 ; 1368 ; 10.72 ; 26.81 ; 1368
