10 ; 0 ; 0 ; 9.777 ; 23.05 ; 0
11 ; 0.002 ; 0 ; 9.773 ; 23.06 ; 0.002
12 ; 0.002 ; 0 ; 9.797 ; 23.21 ; 0.002
13 ; 0.002 ; 0.003 ; 9.949 ; 23.37 ; 0.005
14 ; 0.001 ; 0.008 ; 9.945 ; 23.61 ; 0.009
15 ; 0.002 ; 0.016 ; 10.07 ; 24.09 ; 0.018
16 ; 0.001 ; 0.032 ; 10.08 ; 24.21 ; 0.033
17 ; 0.001 ; 0.068 ; 10.09 ; 24.71 ; 0.069
18 ; 0.004 ; 0.14 ; 10.22 ; 25.11 ; 0.144
19 ; 0.004 ; 0.298 ; 10.36 ; 25.52 ; 0.302
20 ; 0.003 ; 0.621 ; 10.5 ; 25.53 ; 0.624
21 ; 0.005 ; 1.335 ; 10.61 ; 26.64 ; 1.34
22 ; 0.004 ; 2.807 ; 10.48 ; 26.79 ; 2.811
23 ; 0.003 ; 5.827 ; 10.59 ; 26.8 ; 5.83
24 ; 0.006 ; 11.94 ; 10.74 ; 27.2 ; 11.95
25 ; 0.006 ; 25.01 ; 10.88 ; 27.23 ; 25.02
