1 ; 0 ; 0 ; 9.512 ; 22.66 ; 0
2 ; 0 ; 0 ; 9.512 ; 22.66 ; 0
3 ; 0 ; 0 ; 9.512 ; 22.66 ; 0
4 ; 0 ; 0.001 ; 9.613 ; 22.77 ; 0.001
5 ; 0 ; 0.001 ; 9.633 ; 22.91 ; 0.001
6 ; 0.001 ; 0.002 ; 9.641 ; 23.02 ; 0.003
7 ; 0.001 ; 0.007 ; 9.641 ; 23.26 ; 0.008
8 ; 0.002 ; 0.015 ; 9.766 ; 23.42 ; 0.017
9 ; 0.001 ; 0.038 ; 9.789 ; 23.44 ; 0.039
10 ; 0.002 ; 0.086 ; 9.781 ; 23.55 ; 0.088
11 ; 0 ; 0.192 ; 9.777 ; 23.7 ; 0.192
12 ; 0 ; 0.431 ; 9.77 ; 23.95 ; 0.431
13 ; 0.002 ; 0.974 ; 9.793 ; 23.96 ; 0.976
14 ; 0.001 ; 2.152 ; 9.949 ; 24.09 ; 2.153
15 ; 0.002 ; 4.708 ; 9.953 ; 24.08 ; 4.71
16 ; 0.003 ; 10.28 ; 9.93 ; 24.3 ; 10.28
17 ; 0.002 ; 23.23 ; 9.938 ; 24.31 ; 23.24
18 ; 0.003 ; 49.03 ; 10.07 ; 24.64 ; 49.03
19 ; 0.003 ; 105.6 ; 10.07 ; 24.7 ; 105.7
20 ; 0.002 ; 230.3 ; 10.21 ; 24.77 ; 230.3
21 ; 0.003 ; 492.3 ; 10.32 ; 25.04 ; 492.3
22 ; 0.002 ; 1074 ; 10.2 ; 25.22 ; 1074
