10 ; 0 ; 0.001 ; 9.777 ; 23.05 ; 0.001
11 ; 0.001 ; 0 ; 9.773 ; 23.06 ; 0.001
12 ; 0.003 ; 0.001 ; 9.797 ; 23.21 ; 0.004
13 ; 0.001 ; 0.003 ; 9.949 ; 23.37 ; 0.004
14 ; 0.002 ; 0.006 ; 9.945 ; 23.61 ; 0.008
15 ; 0.003 ; 0.015 ; 10.07 ; 24.09 ; 0.018
16 ; 0.001 ; 0.033 ; 10.08 ; 24.21 ; 0.034
17 ; 0.002 ; 0.067 ; 10.09 ; 24.71 ; 0.069
18 ; 0.004 ; 0.139 ; 10.22 ; 25.11 ; 0.143
19 ; 0.004 ; 0.296 ; 10.36 ; 25.52 ; 0.3
20 ; 0.003 ; 0.64 ; 10.5 ; 25.53 ; 0.643
21 ; 0.004 ; 1.388 ; 10.61 ; 26.64 ; 1.392
22 ; 0.004 ; 2.752 ; 10.48 ; 26.79 ; 2.756
23 ; 0.005 ; 5.78 ; 10.59 ; 26.8 ; 5.785
24 ; 0.004 ; 11.93 ; 10.74 ; 27.2 ; 11.93
25 ; 0.006 ; 24.62 ; 10.88 ; 27.23 ; 24.62
