1 ; 0 ; 0 ; 9.512 ; 22.66 ; 0
2 ; 0.001 ; 0 ; 9.512 ; 22.66 ; 0.001
3 ; 0 ; 0 ; 9.512 ; 22.66 ; 0
4 ; 0 ; 0.001 ; 9.613 ; 22.77 ; 0.001
5 ; 0 ; 0.001 ; 9.633 ; 22.91 ; 0.001
6 ; 0.001 ; 0.002 ; 9.641 ; 23.02 ; 0.003
7 ; 0.003 ; 0.007 ; 9.641 ; 23.26 ; 0.01
8 ; 0.002 ; 0.016 ; 9.766 ; 23.42 ; 0.018
9 ; 0.003 ; 0.038 ; 9.789 ; 23.44 ; 0.041
10 ; 0 ; 0.087 ; 9.781 ; 23.55 ; 0.087
11 ; 0 ; 0.216 ; 9.777 ; 23.7 ; 0.216
12 ; 0.001 ; 0.505 ; 9.77 ; 23.95 ; 0.506
13 ; 0.002 ; 1.15 ; 9.793 ; 23.96 ; 1.152
14 ; 0.002 ; 2.558 ; 9.949 ; 24.09 ; 2.56
15 ; 0.001 ; 5.727 ; 9.953 ; 24.08 ; 5.728
16 ; 0.002 ; 12.55 ; 9.93 ; 24.3 ; 12.56
17 ; 0.003 ; 27.73 ; 9.938 ; 24.31 ; 27.73
18 ; 0.002 ; 58.92 ; 10.07 ; 24.64 ; 58.92
19 ; 0.002 ; 128.9 ; 10.07 ; 24.7 ; 128.9
20 ; 0.004 ; 281.7 ; 10.21 ; 24.77 ; 281.7
21 ; 0.003 ; 604.2 ; 10.32 ; 25.04 ; 604.2
22 ; 0.005 ; 1310 ; 10.2 ; 25.22 ; 1310
23 ; 0.004 ; 2780 ; 10.31 ; 26 ; 2780
