9 ; 0.002 ; 0 ; 9.785 ; 22.94 ; 0.002
10 ; 0.001 ; 0 ; 9.777 ; 23.05 ; 0.001
11 ; 0.002 ; 0.001 ; 9.773 ; 23.06 ; 0.003
12 ; 0.002 ; 0.002 ; 9.797 ; 23.21 ; 0.004
13 ; 0.001 ; 0.004 ; 9.949 ; 23.37 ; 0.005
14 ; 0.002 ; 0.006 ; 9.945 ; 23.61 ; 0.008
15 ; 0.002 ; 0.017 ; 10.07 ; 24.09 ; 0.019
16 ; 0.001 ; 0.04 ; 10.08 ; 24.21 ; 0.041
17 ; 0.002 ; 0.073 ; 10.09 ; 24.71 ; 0.075
18 ; 0.002 ; 0.157 ; 10.22 ; 25.11 ; 0.159
19 ; 0.005 ; 0.368 ; 10.36 ; 25.52 ; 0.373
20 ; 0.004 ; 0.751 ; 10.5 ; 25.53 ; 0.755
21 ; 0.005 ; 1.611 ; 10.61 ; 26.64 ; 1.616
22 ; 0.006 ; 3.358 ; 10.48 ; 26.79 ; 3.364
23 ; 0.005 ; 6.951 ; 10.59 ; 26.8 ; 6.956
24 ; 0.004 ; 14.58 ; 10.74 ; 27.2 ; 14.58
25 ; 0.006 ; 30.13 ; 10.88 ; 27.23 ; 30.13
