1 ; 0.001 ; 0 ; 9.512 ; 22.66 ; 0.001
2 ; 0.001 ; 0 ; 9.512 ; 22.66 ; 0.001
3 ; 0 ; 0 ; 9.512 ; 22.66 ; 0
4 ; 0 ; 0 ; 9.613 ; 22.77 ; 0
5 ; 0 ; 0.001 ; 9.668 ; 22.82 ; 0.001
6 ; 0.001 ; 0.002 ; 9.641 ; 22.9 ; 0.003
7 ; 0 ; 0.004 ; 9.641 ; 23.2 ; 0.004
8 ; 0.002 ; 0.012 ; 9.797 ; 23.2 ; 0.014
9 ; 0 ; 0.024 ; 9.789 ; 23.45 ; 0.024
10 ; 0.002 ; 0.052 ; 9.781 ; 23.66 ; 0.054
11 ; 0.002 ; 0.111 ; 9.777 ; 23.75 ; 0.113
12 ; 0.001 ; 0.228 ; 9.77 ; 23.95 ; 0.229
13 ; 0.004 ; 0.49 ; 9.949 ; 24.57 ; 0.494
14 ; 0.002 ; 1.039 ; 9.949 ; 24.76 ; 1.041
15 ; 0.003 ; 2.196 ; 9.953 ; 24.63 ; 2.199
16 ; 0.003 ; 4.534 ; 10.09 ; 24.8 ; 4.537
17 ; 0.003 ; 9.57 ; 10.09 ; 24.77 ; 9.573
18 ; 0.002 ; 19.66 ; 10.23 ; 24.83 ; 19.66
19 ; 0.005 ; 42.07 ; 10.37 ; 25.24 ; 42.08
20 ; 0.004 ; 87.42 ; 10.5 ; 26.66 ; 87.42
21 ; 0.005 ; 181.5 ; 10.58 ; 26.71 ; 181.5
22 ; 0.005 ; 378.3 ; 10.49 ; 26.92 ; 378.3
23 ; 0.007 ; 784.7 ; 10.59 ; 26.82 ; 784.7
24 ; 0.007 ; 1650 ; 10.72 ; 26.81 ; 1650
25 ; 0.007 ; 3423 ; 10.89 ; 26.99 ; 3423
