1 ; 0 ; 0 ; 9.512 ; 22.66 ; 0
2 ; 0.001 ; 0 ; 9.512 ; 22.66 ; 0.001
3 ; 0.002 ; 0 ; 9.512 ; 22.79 ; 0.002
4 ; 0.001 ; 0.001 ; 9.613 ; 22.89 ; 0.002
5 ; 0.002 ; 0.002 ; 9.633 ; 23.04 ; 0.004
6 ; 0 ; 0.009 ; 9.641 ; 23.25 ; 0.009
7 ; 0.001 ; 0.021 ; 9.641 ; 23.36 ; 0.022
8 ; 0 ; 0.052 ; 9.766 ; 23.42 ; 0.052
9 ; 0.002 ; 0.126 ; 9.789 ; 23.56 ; 0.128
10 ; 0 ; 0.286 ; 9.781 ; 23.84 ; 0.286
11 ; 0.001 ; 0.675 ; 9.777 ; 23.93 ; 0.676
12 ; 0.001 ; 1.558 ; 9.77 ; 24.34 ; 1.559
13 ; 0.002 ; 3.618 ; 9.793 ; 24.41 ; 3.62
14 ; 0.001 ; 8.066 ; 9.918 ; 24.45 ; 8.067
15 ; 0.003 ; 17.86 ; 9.953 ; 24.52 ; 17.87
16 ; 0.002 ; 39 ; 9.93 ; 24.68 ; 39
17 ; 0.002 ; 86.39 ; 9.938 ; 24.79 ; 86.39
18 ; 0.004 ; 182.2 ; 10.07 ; 25.4 ; 182.2
19 ; 0.004 ; 401.9 ; 10.07 ; 25.63 ; 401.9
20 ; 0.004 ; 866.1 ; 10.21 ; 25.68 ; 866.1
21 ; 0.003 ; 1917 ; 10.32 ; 25.83 ; 1917
