2 ; 0 ; 0.001 ; 9.652 ; 22.8 ; 0.001
3 ; 0 ; 0.002 ; 9.93 ; 23.31 ; 0.002
4 ; 0.007 ; 0.006 ; 10.89 ; 24.57 ; 0.013
5 ; 0.077 ; 0.013 ; 10.98 ; 24.27 ; 0.09
6 ; 0.077 ; 0.011 ; 11 ; 24.16 ; 0.088
7 ; 0.16 ; 0.016 ; 10.89 ; 24.61 ; 0.176
8 ; 0.292 ; 0.043 ; 11.71 ; 26.46 ; 0.335
9 ; 1.145 ; 0.091 ; 14.89 ; 28.04 ; 1.236
10 ; 5.761 ; 0.058 ; 22.89 ; 36.17 ; 5.819
11 ; 47.62 ; 0.237 ; 46.95 ; 60.23 ; 47.85
12 ; 1.386 ; 0.229 ; 11.48 ; 30.31 ; 1.615
13 ; 1.394 ; 0.143 ; 11.51 ; 29.09 ; 1.537
14 ; 2.873 ; 0.836 ; 12.95 ; 33.59 ; 3.709
15 ; 3.125 ; 0.33 ; 15.65 ; 29.2 ; 3.455
16 ; 4.114 ; 0.532 ; 21.15 ; 34.56 ; 4.646
17 ; 8.587 ; 4.752 ; 40.98 ; 54.39 ; 13.34
18 ; 10.15 ; 1.991 ; 63.1 ; 76.51 ; 12.14
19 ; 24.72 ; 2.554 ; 104.3 ; 117.7 ; 27.28
20 ; 85.38 ; 7.506 ; 190.4 ; 203.9 ; 92.89
21 ; 315.7 ; 35.99 ; 362.5 ; 376.2 ; 351.6
22 ; 1265 ; 15.31 ; 675 ; 688.7 ; 1280
