1 ; 0 ; 0 ; 9.512 ; 22.66 ; 0
2 ; 0.003 ; 0 ; 9.512 ; 22.66 ; 0.003
3 ; 0.001 ; 0 ; 9.512 ; 22.66 ; 0.001
4 ; 0 ; 0 ; 9.613 ; 22.77 ; 0
5 ; 0 ; 0 ; 9.668 ; 22.82 ; 0
6 ; 0 ; 0 ; 9.641 ; 22.89 ; 0
7 ; 0.002 ; 0.002 ; 9.641 ; 23.07 ; 0.004
8 ; 0 ; 0.005 ; 9.793 ; 23.2 ; 0.005
9 ; 0.002 ; 0.01 ; 9.781 ; 23.51 ; 0.012
10 ; 0.002 ; 0.021 ; 9.773 ; 23.55 ; 0.023
11 ; 0 ; 0.053 ; 9.77 ; 23.62 ; 0.053
12 ; 0.003 ; 0.112 ; 9.793 ; 23.7 ; 0.115
13 ; 0.002 ; 0.237 ; 9.945 ; 23.87 ; 0.239
14 ; 0.001 ; 0.502 ; 9.941 ; 23.94 ; 0.503
15 ; 0.002 ; 1.057 ; 10.07 ; 24.2 ; 1.059
16 ; 0.003 ; 2.176 ; 9.953 ; 24.33 ; 2.179
17 ; 0.002 ; 4.598 ; 10.09 ; 24.53 ; 4.6
18 ; 0.005 ; 9.649 ; 10.22 ; 24.6 ; 9.654
19 ; 0.004 ; 20.54 ; 10.36 ; 24.75 ; 20.55
20 ; 0.004 ; 42.01 ; 10.5 ; 25.14 ; 42.01
21 ; 0.006 ; 86.89 ; 10.51 ; 25.17 ; 86.9
22 ; 0.006 ; 182.3 ; 10.48 ; 25.32 ; 182.3
23 ; 0.005 ; 376.8 ; 10.58 ; 25.35 ; 376.8
24 ; 0.006 ; 836.4 ; 10.74 ; 25.73 ; 836.4
25 ; 0.007 ; 1715 ; 10.88 ; 25.86 ; 1715
