1 ; 0.002 ; 0 ; 9.512 ; 22.66 ; 0.002
2 ; 0.001 ; 0 ; 9.512 ; 22.66 ; 0.001
3 ; 0 ; 0 ; 9.512 ; 22.66 ; 0
4 ; 0 ; 0 ; 9.613 ; 22.77 ; 0
5 ; 0 ; 0.001 ; 9.668 ; 22.82 ; 0.001
6 ; 0.001 ; 0.001 ; 9.641 ; 22.9 ; 0.002
7 ; 0.001 ; 0.004 ; 9.641 ; 23.2 ; 0.005
8 ; 0 ; 0.009 ; 9.797 ; 23.2 ; 0.009
9 ; 0 ; 0.024 ; 9.789 ; 23.45 ; 0.024
10 ; 0.001 ; 0.051 ; 9.781 ; 23.66 ; 0.052
11 ; 0.002 ; 0.115 ; 9.777 ; 23.75 ; 0.117
12 ; 0.002 ; 0.231 ; 9.77 ; 23.95 ; 0.233
13 ; 0.001 ; 0.49 ; 9.949 ; 24.57 ; 0.491
14 ; 0.002 ; 1.044 ; 9.949 ; 24.76 ; 1.046
15 ; 0.004 ; 2.193 ; 9.953 ; 24.63 ; 2.197
16 ; 0.004 ; 4.575 ; 10.09 ; 24.8 ; 4.579
17 ; 0.003 ; 9.593 ; 10.09 ; 24.77 ; 9.596
18 ; 0.002 ; 19.85 ; 10.23 ; 24.83 ; 19.85
19 ; 0.005 ; 42.38 ; 10.37 ; 25.24 ; 42.39
20 ; 0.004 ; 89.08 ; 10.5 ; 26.66 ; 89.09
21 ; 0.003 ; 182.4 ; 10.58 ; 26.71 ; 182.4
22 ; 0.005 ; 377.4 ; 10.49 ; 26.92 ; 377.4
23 ; 0.006 ; 780.6 ; 10.59 ; 26.82 ; 780.6
24 ; 0.006 ; 1657 ; 10.72 ; 26.81 ; 1657
25 ; 0.006 ; 3458 ; 10.89 ; 26.99 ; 3458
